0.0  nan  0
0.0  -2046.0  0
0.0  -13.3753490448  0
0.0  -4.85353088379  0
0.0  -2.32082104683  0
0.0  -2.32082104683  0
0.0  0.0906203985214  0
0.0  0.235828280449  0
0.0  0.119514167309  0
0.0  0.188875555992  0
0.0  0.239627659321  0
0.0  0.239627659321  0
0.0  0.239627659321  0
0.0  0.261651158333  0
0.0  0.30150437355  0
0.0  0.366430521011  0
0.0  0.34754049778  0
0.0  0.326631307602  0
0.0  0.304482102394  0
0.0  0.239627659321  0
0.0  0.239627659321  0
0.0  0.239627659321  0
0.0  0.205772519112  0
0.0  0.211533308029  0
0.0  0.214775979519  0
0.0  0.246315777302  0
0.0  0.308514177799  0
0.0  0.23262488842  0
0.0  0.209816217422  0
0.0  0.170029640198  0
0.0  0.164544582367  0
0.0  0.163724422455  0
0.0  0.19968020916  0
0.0  0.209515571594  0
0.0  0.218034148216  0
0.0  0.218034148216  0
0.0  0.255873799324  0
0.0  0.321009218693  0
0.0  0.265266239643  0
0.0  0.255873799324  0
0.0  0.255873799324  0
0.0  0.178569257259  0
0.0  0.186627089977  0
0.0  0.184474468231  0
0.0  0.206040740013  0
0.0  0.209471166134  0
0.0  0.188055574894  0
0.0  0.202077031136  0
0.0  0.187667548656  0
0.0  0.171894311905  0
0.0  0.186830341816  0
0.0  0.230476975441  0
0.0  0.235315203667  0
0.0  0.173018634319  0
0.0  0.179975450039  0
0.0  0.135505855083  0
0.0  0.154412090778  0
0.0  0.156874299049  0
0.0  0.16852915287  0
0.0  0.169591844082  0
0.0  0.200692355633  0
0.0  0.27969533205  0
0.0  0.301383912563  0
0.0  0.292551040649  0
0.0  0.280491471291  0
0.0  0.20708078146  0
0.0  0.226306915283  0
0.0  0.208589732647  0
0.0  0.193589806557  0
0.0  0.265730023384  0
0.0  0.193765997887  0
0.0  0.139336287975  0
0.0  0.148679256439  0
0.0  0.156860291958  0
0.0  0.177551627159  0
0.0  0.152663826942  0
0.0  0.153297364712  0
0.0  0.205168128014  0
0.0  0.23635494709  0
0.0  0.205168128014  0
0.0  0.230852603912  0
0.0  0.208832919598  0
0.0  0.210751652718  0
0.0  0.183530032635  0
0.0  0.183598220348  0
0.0  0.193882882595  0
0.0  0.191995859146  0
0.0  0.18800252676  0
0.0  0.219258487225  0
0.0  0.219258487225  0
0.0  0.238336384296  0
0.0  0.227132260799  0
0.0  0.227132260799  0
0.0  0.227132260799  0
0.0  0.227132260799  0
0.0  0.227132260799  0
0.0  0.227132260799  0
0.0  0.187932193279  0
0.0  0.158768177032  0
0.0  0.142156302929  0
0.0  0.208634674549  0
0.0  0.212645530701  0
0.0  0.212645530701  0
0.0  0.216065526009  0
0.0  0.158703625202  0
0.0  0.166159451008  0
0.0  0.164342522621  0
0.0  0.174687981606  0
0.0  0.204241275787  0
0.0  0.15590441227  0
0.0  0.174889445305  0
0.0  0.196607172489  0
0.0  0.204836666584  0
0.0  0.235668778419  0
0.0  0.235668778419  0
0.0  0.235668778419  0
0.0  0.194775402546  0
0.0  0.216095030308  0
0.0  0.216095030308  0
0.0  0.247925817966  0
0.0  0.247925817966  0
0.0  0.16031652689  0
0.0  0.217890977859  0
0.0  0.217890977859  0
0.0  0.223179280758  0
0.0  0.209675967693  0
0.0  0.201518297195  0
0.0  0.201604187489  0
0.0  0.168267130852  0
0.0  0.208672165871  0
0.0  0.178779006004  0
0.0  0.210557222366  0
0.0  0.229797363281  0
0.0  0.157504498959  0
0.0  0.183513760567  0
0.0  0.190254092216  0
0.0  0.145247578621  0
0.0  0.216885149479  0
0.0  0.206234097481  0
0.0  0.21742784977  0
0.0  0.229933321476  0
0.0  0.172305762768  0
0.0  0.234740018845  0
0.0  0.223158836365  0
0.0  0.223158836365  0
0.0  0.285376369953  0
0.0  0.285376369953  0
0.0  0.196669220924  0
0.0  0.212933719158  0
0.0  0.19279897213  0
0.0  0.211498677731  0
0.0  0.192983567715  0
0.0  0.194055199623  0
0.0  0.193351387978  0
0.0  0.252487123013  0
0.0  0.21434378624  0
0.0  0.20194208622  0
0.0  0.209198832512  0
0.0  0.227363049984  0
0.0  0.227363049984  0
0.0  0.199133396149  0
0.0  0.178205490112  0
0.0  0.20359390974  0
0.0  0.241717636585  0
0.0  0.241717636585  0
0.0  0.165305614471  0
0.0  0.186868667603  0
0.0  0.245236992836  0
0.0  0.278182983398  0
0.0  0.230356276035  0
141.709  0.232958614826  17.3610021292
124.754  0.339807391167  19.2270604285
124.426  0.30235016346  19.2676484559
2369.4  0.153433084488  -2.008836417
262.389  0.502997457981  10.5900023344
262.617  0.679776668549  10.5826025121
262.873  0.725572824478  10.5743008519
262.793  0.779766976833  10.5769100462
262.718  0.859229207039  10.5793318954
262.603  0.896956682205  10.5830663944
262.232  0.905036091805  10.595083762
261.988  0.902434825897  10.6030175566
261.884  0.922240376472  10.6064178332
261.807  0.939207136631  10.6089223956
261.885  0.961565077305  10.6063919891
261.944  0.971133947372  10.6044530872
262.009  0.980852305889  10.6023352106
262.08  0.982008695602  10.6000207308
262.091  0.980471730232  10.5996693382
262.104  0.97892510891  10.5992623904
262.085  0.978669941425  10.599864884
262.047  0.97653222084  10.6011127946
261.96  0.97410172224  10.6039275036
261.867  0.974148690701  10.6069615861
261.778  0.974443376064  10.6098593352
261.689  0.978726625443  10.6127807466
261.652  0.983475506306  10.6139772913
261.562  0.988427340984  10.6169042194
261.471  0.990719437599  10.6198877719
261.423  0.991581737995  10.6214540376
261.382  0.992147922516  10.6227854192
261.36  0.991720736027  10.6235215786
261.392  0.990724444389  10.6224762263
261.393  0.989906728268  10.6224233663
261.432  0.989232301712  10.6211499165
261.453  0.988917291164  10.6204799213
261.443  0.989226639271  10.6208159042
261.461  0.989312410355  10.6202247099
261.449  0.98955398798  10.6206105231
261.466  0.990008056164  10.6200592285
261.428  0.990098297596  10.6212855222
261.408  0.990441977978  10.6219556306
261.364  0.990572035313  10.6233739386
261.335  0.991065979004  10.6243266961
261.529  0.985337495804  10.6179961781
264.863  0.952237904072  10.5103529513
288.511  0.952237904072  9.81131036227
293.411  0.952237904072  9.67912679723
293.797  0.952237904072  9.66888318992
294.197  0.952237904072  9.65830125289
294.231  0.957469403744  9.65739100012
293.929  0.971163630486  9.66539612972
294.029  0.983287811279  9.66273015533
293.817  0.989687681198  9.66836302663
293.758  0.992412567139  9.66990913734
293.78  0.993291556835  9.6693386872
293.633  0.993533968925  9.67322651124
293.629  0.99405670166  9.67333988737
293.622  0.994799435139  9.67352615455
293.563  0.995966315269  9.67508544232
293.557  0.996627151966  9.67525395982
293.528  0.997465908527  9.67603019673
293.393  0.997443139553  9.67960283124
293.353  0.997497558594  9.68066699989
293.363  0.99778085947  9.68040336683
293.259  0.997817993164  9.68316784551
293.327  0.998141586781  9.68136550182
293.281  0.998372793198  9.68259078721
293.25  0.998253881931  9.68341622323
293.248  0.998164713383  9.6834576209
293.167  0.998094439507  9.68560272003
293.109  0.997785747051  9.68715008739
293.023  0.997627437115  9.68943924836
293.057  0.997821390629  9.68854765731
293.059  0.997826159  9.68849239604
293.059  0.997726976871  9.68848264413
293.147  0.997980892658  9.68615824702
293.08  0.997759342194  9.68793819676
293.164  0.99778842926  9.68568312087
293.198  0.99793869257  9.68478742555
293.227  0.997837305069  9.68400800366
293.453  0.997969567776  9.67799814759
293.465  0.997668862343  9.67769495391
293.592  0.997707724571  9.67432314411
293.732  0.997737407684  9.67060510682
293.693  0.997589528561  9.6716468411
293.801  0.997789025307  9.66878530063
293.787  0.99770450592  9.66914289034
293.787  0.99279242754  9.66913560881
300.979  0.99100703001  9.48255720929
326.903  0.99100703001  8.87129579244
329.839  0.99100703001  8.80750533869
330.088  0.99100703001  8.80213866223
330.56  0.99100703001  8.79198853469
330.548  0.99100703001  8.79224739575
330.357  0.99100703001  8.79634029343
330.548  0.99143666029  8.79224149746
330.617  0.992691576481  8.79074951165
330.676  0.99355250597  8.78950039585
330.691  0.993310511112  8.78918015614
330.674  0.993407666683  8.78952921214
330.635  0.992951095104  8.79037611134
330.627  0.993843138218  8.79053660367
330.467  0.994177281857  8.79397400382
330.475  0.994552731514  8.7938173065
330.323  0.994757175446  8.79707053324
330.22  0.994308114052  8.79928634826
330.26  0.99334949255  8.798438207
330.093  0.992811024189  8.8020151488
330.166  0.992517709732  8.80044594207
330.043  0.993736088276  8.80310456423
330.027  0.994810938835  8.80343972783
330.012  0.995519220829  8.80376308886
329.806  0.99540168047  8.80820801891
329.884  0.994791448116  8.8065324496
329.665  0.994488239288  8.8112412291
329.635  0.994265019894  8.81189451391
329.735  0.993991792202  8.80974737421
329.515  0.994374275208  8.81449224829
329.75  0.994821131229  8.80941562875
329.6  0.995428800583  8.81265461909
329.665  0.995376288891  8.81124188759
329.905  0.994877099991  8.80607207105
329.834  0.994327843189  8.80760928545
330.251  0.992846131325  8.7986272507
330.26  0.992482960224  8.79842573568
330.417  0.992415487766  8.7950500714
330.727  0.993131935596  8.78840487682
330.708  0.993148028851  8.78881541554
330.905  0.993119060993  8.78458176595
330.952  0.992505908012  8.78357653589
331.046  0.99230492115  8.78156160939
331.154  0.991391181946  8.77925570074
331.293  0.99100703001  8.77627418361
331.934  0.99100703001  8.76259291765
347.783  0.99100703001  8.43854349974
410.828  0.99100703001  7.37265704495
414.593  0.99100703001  7.3181598941
414.851  0.99100703001  7.31446111732
414.18  0.99100703001  7.32409403514
412.249  0.99100703001  7.35198544779
410.449  0.99100703001  7.37819794518
409.54  0.99100703001  7.39149991201
410.591  0.99100703001  7.37612456272
411.93  0.99100703001  7.35662161923
411.411  0.99100703001  7.36416919306
410.756  0.99100703001  7.37370766295
410.617  0.99100703001  7.37574658571
410.616  0.99100703001  7.37575549978
409.387  0.99100703001  7.39374669927
408.772  0.99100703001  7.40279455247
407.605  0.99100703001  7.420013014
405.377  0.99100703001  7.45314133146
404.036  0.99100703001  7.47323433572
349.842  0.995833456516  8.39836605275
349.803  0.995563447475  8.39911185589
349.782  0.995219111443  8.39951828821
349.662  0.995115935802  8.40184870446
349.66  0.995050787926  8.40190087657
349.49  0.99594014883  8.40520102652
349.381  0.996908724308  8.40731227078
349.375  0.997092247009  8.40743695204
349.251  0.997266232967  8.40984766334
349.263  0.99736648798  8.40961893971
349.197  0.99689078331  8.41089937438
349.013  0.996256113052  8.41449520565
349.041  0.996155202389  8.41393670218
348.967  0.995936572552  8.41537743879
348.88  0.996236205101  8.41708239781
349.078  0.99676823616  8.4132248625
349.043  0.997197628021  8.41389447574
349.129  0.997036397457  8.41222422964
349.202  0.996871829033  8.41080429255
349.188  0.995690822601  8.41107171626
349.572  0.9939417243  8.40361405954
349.556  0.991343259811  8.40391479099
361.352  0.991343259811  8.18130838384
388.729  0.991343259811  7.711264906
392.687  0.991343259811  7.64814504311
392.773  0.991343259811  7.64679419561
392.919  0.991343259811  7.64448097703
392.735  0.991343259811  7.64739118568
392.236  0.991343259811  7.6552889344
392.101  0.991343259811  7.65742212881
392.192  0.991343259811  7.65598647954
392.138  0.991343259811  7.65682874607
391.966  0.992003560066  7.65956242958
392.091  0.993370771408  7.65758318645
391.897  0.995414674282  7.66066308379
391.957  0.996312856674  7.65970471107
391.929  0.996527075768  7.66014562679
391.928  0.99661719799  7.66015772735
391.826  0.996956408024  7.66178539044
391.796  0.996606707573  7.66226385985
391.848  0.995950102806  7.6614372336
391.74  0.99547368288  7.66314493735
391.782  0.995631158352  7.66248083916
391.758  0.996466457844  7.66286203843
391.739  0.996621966362  7.66315995489
391.864  0.996573150158  7.66118400632
391.902  0.99633949995  7.66057401185
391.886  0.995932579041  7.66083009978
391.881  0.995887100697  7.66090949567
391.902  0.996188938618  7.66057594817
391.943  0.99570608139  7.65993508383
391.945  0.99580925703  7.65989055682
391.971  0.995979845524  7.65947628917
391.945  0.99567848444  7.65989636466
391.938  0.995540440083  7.6600018754
391.997  0.995595872402  7.65907416728
391.913  0.995580255985  7.66039587476
391.827  0.995415091515  7.66175972541
391.744  0.995857477188  7.66308971214
391.829  0.995680570602  7.66173648176
391.836  0.996075809002  7.66161881318
391.911  0.996017336845  7.66044089224
391.92  0.996011912823  7.66029809683
391.51  0.991343259811  7.66680142383
403.596  0.991343259811  7.47986053208
437.054  0.991343259811  7.01035454542
440.185  0.991343259811  6.96965484404
440.515  0.991343259811  6.96539231343
440.805  0.991343259811  6.96165015016
441.191  0.991343259811  6.95668108101
441.07  0.991343259811  6.95824387231
890.571  0.991343259811  3.79464246182
892.67  0.991343259811  3.78591794333
891.857  0.991343259811  3.78929265768
889.235  0.991343259811  3.80020652287
891.156  0.991343259811  3.79220822409
890.013  0.991343259811  3.79696506073
893.398  0.991343259811  3.78289922124
894.484  0.991343259811  3.77839921392
893.995  0.991343259811  3.78042374468
893.183  0.991343259811  3.78378945817
891.911  0.991343259811  3.78906928176
890.141  0.991343259811  3.79642922788
889.319  0.991343259811  3.79985712719
889.605  0.991343259811  3.79866521656
888.276  0.991343259811  3.80420931683
890.581  0.991343259811  3.79459826366
889.311  0.991343259811  3.79989097071
890.036  0.991343259811  3.79686795291
888.784  0.991343259811  3.80208679049
891.117  0.991343259811  3.7923673649
892.725  0.991343259811  3.78569026183
891.855  0.991343259811  3.7892997573
895.25  0.991343259811  3.77523110334
890.442  0.991343259811  3.79517822632
891.777  0.991343259811  3.78962509035
442.057  0.991343259811  6.94555294457
442.192  0.991343259811  6.94382811274
442.236  0.991343259811  6.94326849392
442.302  0.991343259811  6.94241888824
442.352  0.991343259811  6.94177274368
442.339  0.991343259811  6.9419435509
442.345  0.991343259811  6.94186850405
442.363  0.991343259811  6.9416371206
547.549  0.991343259811  5.82445547405
549.566  0.991343259811  5.80668661045
2301.28  0.991343259811  -1.67607935226
2267.23  0.991343259811  -1.51001602391
2231.74  0.991343259811  -1.33763682814
2203.19  0.991343259811  -1.19973502333
2176.31  0.991343259811  -1.07068905938
2146.96  0.991343259811  -0.930786443967
885.47  0.991343259811  3.81594737375
502.674  0.991343259811  6.25127646497
498.914  0.991343259811  6.29003980918
497.253  0.991343259811  6.30732397321
496.715  0.991343259811  6.31294077933
496.376  0.991343259811  6.31648852254
495.745  0.991343259811  6.32309775773
495.551  0.991343259811  6.3251361838
495.532  0.991343259811  6.3253386929
495.331  0.991343259811  6.32744566452
495.027  0.991343259811  6.3306398826
494.971  0.991343259811  6.33123155275
494.585  0.994539141655  6.33530160886
494.402  0.995592057705  6.3372216077
494.262  0.995811462402  6.33870055604
494.162  0.995939671993  6.33975486491
494.254  0.99567514658  6.33878456522
494.266  0.995342850685  6.33865710394
494.302  0.995093286037  6.33828086728
494.365  0.995035946369  6.33762055581
494.342  0.995724141598  6.33786027195
494.567  0.995775222778  6.33548519373
494.697  0.995957553387  6.33412223994
494.738  0.995889544487  6.33368069879
494.849  0.995698690414  6.33251449485
494.887  0.995956003666  6.33212072249
495.153  0.996169030666  6.32931571006
495.43  0.996395885944  6.32640882216
495.768  0.996450960636  6.32286434345
496.046  0.996288776398  6.31994868079
496.237  0.99599224329  6.31794638998
496.25  0.995837807655  6.31780479035
496.291  0.99595707655  6.3173781142
496.223  0.995978593826  6.31808511936
496.111  0.996209740639  6.31925978237
496.075  0.996080875397  6.31964099159
495.764  0.995964884758  6.32289860202
495.576  0.995382487774  6.32487762012
495.249  0.994877696037  6.32831093658
494.804  0.99515491724  6.33299473596
494.543  0.995083451271  6.3357356718
494.307  0.995460271835  6.33822712304
495.638  0.991343259811  6.32421993738
528.48  0.991343259811  5.9981895351
526.608  0.991343259811  6.01582649454
524.595  0.991343259811  6.03490815868
524.411  0.991343259811  6.03665635293
524.007  0.991343259811  6.04050610213
523.447  0.991343259811  6.04584853211
523.683  0.991343259811  6.04360147253
523.484  0.991343259811  6.04549769653
523.171  0.992485523224  6.04848873781
523.047  0.995686709881  6.04967668208
523.048  0.996128499508  6.04966209238
523.234  0.99634718895  6.0478873663
523.716  0.99629253149  6.04328759394
524.2  0.996832966805  6.03867128056
524.575  0.99678838253  6.03510151159
524.872  0.996787905693  6.03227972537
525.108  0.997034966946  6.03003100093
525.235  0.996859252453  6.02882559768
525.334  0.996956586838  6.02788770126
525.404  0.996742844582  6.02722515864
525.315  0.996654033661  6.0280736343
525.185  0.996861636639  6.0293024832
524.898  0.996919929981  6.0320314564
524.529  0.997106850147  6.0355399422
524.251  0.997223258018  6.03818703518
523.866  0.996818721294  6.04184966145
523.764  0.996754467487  6.04282761072
523.698  0.996715068817  6.04345471986
523.648  0.99667519331  6.04393518782
1059.28  0.99667519331  3.15777714495
1058.13  0.99667519331  3.16178161392
1055.41  0.99667519331  3.17126683574
1051.33  0.99667519331  3.18552365865
1049.26  0.99667519331  3.19276601393
1048.94  0.99667519331  3.193876797
1048.75  0.99667519331  3.19454639415
1049.4  0.99667519331  3.19225630014
1050.55  0.99667519331  3.18825546221
1051.38  0.99667519331  3.18535401645
1054.35  0.99667519331  3.17494343406
1062.09  0.99667519331  3.1480038582
1085.25  0.99667519331  3.06820017719
1128.3  0.99667519331  2.92287641747
1163.15  0.99667519331  2.80745304122
262.969  0.918616592884  10.571189866
262.647  0.918616592884  10.5816333521
970.564  0.0553013682365  3.47835455374
1052.96  0.223689377308  3.17980029787
526.253  0.902661085129  6.0191854152
524.313  0.942739188671  6.03759826012
524.004  0.957883536816  6.04053984349
523.781  0.971857011318  6.0426628497
523.263  0.980116486549  6.04761326163
523.468  0.985652089119  6.04564863221
523.261  0.990497529507  6.04762959054
522.758  0.994560241699  6.05243545425
522.792  0.995353639126  6.05211010369
522.754  0.996769249439  6.05247459224
523.167  0.99700152874  6.04852198896
523.606  0.996580541134  6.04433185236
524.068  0.996672987938  6.03992616117
524.432  0.996445655823  6.03646057234
524.713  0.996256947517  6.03378952029
524.928  0.996639847755  6.03174086957
525.084  0.996604263783  6.03025822938
525.187  0.996718764305  6.02928799585
525.224  0.997291982174  6.02892873272
525.147  0.997301697731  6.02966179279
524.966  0.997410476208  6.03138014171
524.66  0.997267782688  6.03429218646
524.307  0.997030854225  6.03765347085
524.012  0.99684381485  6.04046072643
523.793  0.996653974056  6.04254525217
523.673  0.99679851532  6.04369115837
523.541  0.996998846531  6.04495404362
523.317  0.996984302998  6.04709020193
1054.49  0.996984302998  3.17447789233
1055.05  0.996984302998  3.17249858041
1054.5  0.996984302998  3.1744378204
1053.49  0.996984302998  3.17794926124
1051.84  0.996984302998  3.18372371935
1049.87  0.996984302998  3.19061028375
1048.31  0.996984302998  3.19611074179
1047.08  0.996984302998  3.20041344731
1046.3  0.996984302998  3.20316665426
1045.58  0.996984302998  3.20570220895
1045.2  0.996984302998  3.20701667812
1047.19  0.996984302998  3.20003833503
1067.36  0.996984302998  3.12972578681
503.83  0.829706311226  6.23945218085
500.559  0.858498752117  6.27301118512
498.985  0.903699874878  6.28929984195
497.799  0.935477674007  6.30163060715
496.774  0.953116953373  6.31232049272
496.296  0.965985238552  6.31732698108
496.011  0.968682825565  6.3203091844
495.735  0.97709196806  6.32320790742
495.33  0.982520520687  6.32745656706
495.117  0.988664209843  6.32969403115
494.716  0.994084000587  6.33392042121
494.596  0.995660066605  6.33518104699
494.425  0.995932459831  6.33698162097
494.466  0.995849609375  6.33655509681
494.659  0.995235800743  6.33451466848
494.712  0.994210064411  6.33395737744
495.126  0.992525339127  6.32960064975
495.245  0.991877198219  6.32835199351
495.397  0.992335557938  6.32675696107
495.805  0.993096649647  6.32247343935
495.711  0.993048071861  6.32346216375
495.941  0.992718935013  6.32104952063
496.067  0.992590367794  6.31972510722
496.18  0.992856025696  6.31853747303
496.331  0.99498206377  6.31695501389
496.399  0.995305418968  6.31624380346
496.541  0.995181381702  6.31476345669
496.652  0.995276093483  6.31360013458
496.702  0.995458483696  6.31307800004
496.747  0.995718240738  6.31260924181
496.772  0.995887458324  6.31235016399
496.622  0.995854735374  6.31391454444
496.605  0.995848238468  6.31408660607
496.561  0.995753586292  6.31454697553
496.429  0.995658874512  6.31593202332
496.356  0.995630204678  6.31670226879
496.137  0.995715022087  6.31898669759
495.89  0.996285021305  6.32157753008
495.506  0.99618858099  6.32560755131
490.635  0.782115101814  6.37719936277
446.64  0.710819721222  6.88731877355
443.13  0.811190366745  6.93182996501
441.967  0.852363467216  6.94671182712
441.504  0.909982800484  6.95265250169
890.81  0.909982800484  3.79364587686
893.598  0.909982800484  3.78207071461
895.579  0.909982800484  3.77387065625
898.271  0.909982800484  3.76276520668
899.135  0.909982800484  3.75921013432
895.403  0.909982800484  3.77459773224
893.334  0.909982800484  3.78316211462
891.196  0.909982800484  3.7920417318
888.088  0.909982800484  3.80499431355
889.374  0.909982800484  3.79962812105
889.37  0.909982800484  3.79964465979
889.272  0.909982800484  3.80005332319
891.145  0.909982800484  3.79225238671
890.048  0.909982800484  3.79681685819
889.087  0.909982800484  3.80082500076
888.224  0.909982800484  3.80442338619
886.9  0.909982800484  3.80995735681
886.799  0.909982800484  3.8103807263
885.818  0.909982800484  3.81448580835
886.964  0.909982800484  3.8096887606
886.588  0.909982800484  3.81126264305
885.329  0.909982800484  3.8165374233
886.935  0.909982800484  3.80980952375
888.586  0.909982800484  3.80291427252
888.824  0.909982800484  3.80192076162
892.482  0.909982800484  3.78669609195
896.448  0.909982800484  3.7702837757
903.942  0.909982800484  3.73950677112
912.325  0.909982800484  3.70544430222
1076.11  0.909982800484  3.09954092318
1100.19  0.909982800484  3.01738792028
1108.38  0.909982800484  2.98969977037
1113.33  0.909982800484  2.97303781762
2404.86  0.909982800484  -2.18158654238
2378.12  0.909982800484  -2.05137067155
2346.58  0.909982800484  -1.89740329878
2315.44  0.909982800484  -1.74524669482
437.792  0.508285880089  7.00071826526
385.696  0.758091747761  7.76042991743
390.775  0.898398399353  7.67849631482
391.868  0.932885944843  7.66111477145
392.393  0.957073152065  7.65279186564
392.06  0.972554802895  7.6580683387
392.028  0.978175461292  7.65858113491
391.738  0.982819855213  7.66317836356
391.909  0.986080288887  7.66046606356
391.76  0.989008426666  7.6628373343
391.65  0.991423726082  7.66458303669
391.72  0.99243324995  7.6634734
391.579  0.993889272213  7.66570514421
391.605  0.994893372059  7.66529600598
391.447  0.995051562786  7.66780684991
391.482  0.997064769268  7.66725099265
391.426  0.996575951576  7.66814108571
391.422  0.994674801826  7.66820657831
391.534  0.993976354599  7.66641737182
391.421  0.992983818054  7.66821579588
391.47  0.993970990181  7.66744354405
391.391  0.996131956577  7.66869320236
391.368  0.997236073017  7.66905566711
391.433  0.998320698738  7.6680178659
391.388  0.998245239258  7.66873832646
391.377  0.998038947582  7.668915432
391.286  0.997741758823  7.67036900551
391.369  0.996726095676  7.66904596208
391.411  0.995640218258  7.66837540932
391.434  0.995570540428  7.66800185735
391.448  0.995890855789  7.66779084231
391.319  0.996953845024  7.66984380532
391.361  0.997941255569  7.66917552648
391.395  0.99794614315  7.6686262451
391.313  0.998132824898  7.66992922995
391.364  0.997835993767  7.66912117678
391.355  0.997308313847  7.66926142012
391.389  0.99597799778  7.66872910751
391.904  0.994298398495  7.66054980791
392.498  0.993336260319  7.65114037178
393.732  0.986146271229  7.63167391869
398.83  0.964207291603  7.55237582315
410.065  0.964207291603  7.38381492458
413.679  0.964207291603  7.33131714969
415.239  0.964207291603  7.3089048296
414.418  0.964207291603  7.32067243817
413.659  0.964207291603  7.33160616753
412.485  0.964207291603  7.34856421512
411.624  0.964207291603  7.3610715472
411.803  0.964207291603  7.35846137231
412.725  0.964207291603  7.34509299717
412.926  0.964207291603  7.3421800155
412.25  0.964207291603  7.35197172763
412.283  0.964207291603  7.35149996524
412.158  0.964207291603  7.3533059411
412.027  0.964207291603  7.35520679821
411.448  0.964207291603  7.36362156
410.707  0.964207291603  7.37443157185
409.483  0.964207291603  7.3923476578
407.544  0.964207291603  7.42092344682
405.017  0.964207291603  7.45853072703
349.859  0.995510399342  8.39803199921
349.79  0.995587050915  8.39936542666
349.702  0.996367275715  8.40108813995
349.668  0.996383607388  8.40174080533
349.567  0.99685138464  8.40371014867
349.48  0.997083961964  8.4053897267
349.412  0.997256040573  8.40672335534
349.285  0.997216939926  8.40918707557
349.193  0.997011899948  8.4109772244
349.198  0.996825456619  8.41087679223
348.999  0.996558070183  8.41476526752
349.035  0.996698081493  8.41405327337
349.021  0.996912419796  8.41433103641
348.909  0.996967732906  8.41651518385
348.876  0.996942043304  8.41715739778
348.887  0.996995508671  8.41693597355
348.85  0.996229350567  8.41766398373
349.02  0.996147334576  8.41435066497
348.865  0.995444595814  8.41736454819
349.261  0.992185235023  8.40966349518
349.48  0.990339577198  8.40539328717
349.215  0.956434905529  8.41054877184
330.75  0.806539058685  8.78790469235
331.015  0.930895149708  8.7822191921
330.934  0.954996943474  8.78396499414
330.658  0.963839769363  8.7898887784
330.669  0.981035232544  8.78964185964
330.554  0.986299216747  8.79211960148
330.457  0.988905608654  8.79419955391
330.558  0.992959320545  8.79202982026
330.581  0.993847131729  8.79153442169
330.589  0.993999421597  8.7913548877
330.593  0.994464039803  8.79126774456
330.589  0.994648993015  8.79135619814
330.583  0.994614183903  8.79148069169
330.53  0.994424939156  8.79261835007
330.479  0.994559526443  8.79372552013
330.357  0.994470655918  8.79634488572
330.27  0.995187163353  8.79820913482
330.179  0.995750069618  8.80017998046
330.096  0.994570314884  8.80195602139
330.115  0.994254052639  8.80154084029
330.048  0.994062125683  8.80298364938
329.98  0.993978381157  8.80445130429
330.024  0.995929062366  8.80350084894
329.861  0.996570587158  8.80701985115
329.747  0.996612131596  8.80948474011
329.631  0.996824085712  8.81197618204
329.461  0.99675321579  8.81564572894
329.351  0.997237861156  8.81802295112
329.282  0.996680259705  8.81952782857
329.277  0.996748149395  8.81963538867
329.246  0.997083723545  8.82029005013
329.259  0.996826827526  8.82002870062
329.37  0.996480166912  8.81761598623
329.429  0.995419919491  8.81634918634
329.585  0.994092941284  8.81296621188
329.789  0.992964148521  8.80857388276
330.0  0.993089199066  8.80403586299
330.25  0.992844223976  8.79864037907
330.441  0.991906940937  8.79453855875
330.669  0.991677165031  8.78963662015
330.846  0.990965247154  8.78584046049
331.043  0.990985155106  8.78161651273
331.168  0.989277422428  8.7789382449
374.078  0.989277422428  7.95522090532
294.969  0.644802331924  9.63792518272
294.927  0.823902308941  9.63903062231
294.592  0.882640719414  9.6478520827
294.323  0.927838563919  9.65496055853
294.365  0.960186362267  9.65386153848
293.956  0.973366737366  9.66466219753
293.865  0.983364522457  9.66708108548
293.762  0.987887561321  9.66981769846
293.597  0.99065798521  9.67419354238
293.581  0.993120133877  9.67461962256
293.392  0.993729233742  9.67962553944
293.412  0.993655562401  9.67911220075
293.283  0.994208276272  9.68253316673
293.351  0.994769752026  9.68073108542
293.33  0.995133876801  9.68127787872
293.307  0.996338129044  9.68189127746
293.343  0.996548056602  9.68093551642
293.207  0.996224761009  9.68455439627
293.319  0.9974411726  9.68156915122
293.2  0.997462570667  9.68472490427
293.21  0.997505486012  9.68446183758
293.325  0.998186528683  9.68141742746
293.198  0.997892677784  9.68478498963
293.263  0.998195827007  9.68306801139
293.165  0.998142778873  9.68565550829
293.029  0.99783039093  9.68929862983
293.001  0.99821382761  9.69003509857
292.954  0.998160302639  9.6912929105
292.933  0.998011529446  9.69184428306
292.945  0.998094439507  9.69152873979
292.982  0.997985720634  9.69053590331
292.943  0.997954964638  9.69158810572
293.037  0.998076915741  9.6890669849
293.032  0.997995913029  9.68920759597
293.164  0.99799144268  9.68570261221
293.363  0.998179972172  9.68041391184
293.401  0.998009502888  9.67939602983
293.629  0.997905135155  9.67334393657
293.645  0.997738063335  9.67291231284
293.68  0.99745541811  9.67199252208
293.853  0.997347950935  9.6674037594
294.175  0.996055305004  9.65887752202
294.489  0.994749724865  9.65057822898
294.976  0.978102326393  9.63773400879
265.88  0.642724394798  10.4780096068
263.711  0.685495972633  10.5472772979
263.415  0.739654541016  10.5568201755
263.116  0.789386570454  10.5664582113
262.848  0.858340024948  10.5751352035
902.883  0.858340024948  3.74383381965
913.927  0.858340024948  3.69897727446
924.372  0.858340024948  3.65714073898
927.841  0.858340024948  3.64336664803
929.001  0.858340024948  3.6387780066
930.204  0.858340024948  3.63402142728
928.336  0.858340024948  3.64140856206
925.654  0.858340024948  3.65204427926
922.109  0.858340024948  3.66615759596
917.445  0.858340024948  3.68482287672
913.063  0.858340024948  3.70246077414
908.305  0.858340024948  3.72173046011
906.055  0.858340024948  3.73088181051
904.186  0.858340024948  3.73850911608
901.21  0.858340024948  3.75068792221
894.761  0.858340024948  3.77725424665
887.621  0.858340024948  3.80694521863
878.476  0.858340024948  3.8454133497
871.694  0.858340024948  3.87426896128
868.553  0.858340024948  3.88773540004
860.953  0.858340024948  3.92057570883
856.448  0.858340024948  3.94022344265
847.497  0.858340024948  3.97966780871
838.175  0.858340024948  4.02134930687
832.302  0.858340024948  4.0479313193
824.095  0.858340024948  4.0855159639
819.832  0.858340024948  4.10524149345
816.041  0.858340024948  4.12290808091
809.332  0.858340024948  4.15444853481
804.518  0.858340024948  4.17731450152
798.687  0.858340024948  4.20526893077
801.589  0.858340024948  4.19131859685
807.622  0.858340024948  4.16254800834
815.827  0.858340024948  4.12390827753
263.149  0.848283052444  10.5653957668
543.964  0.848283052444  5.85632478019
263.802  0.77912992239  10.544360591
263.165  0.275335252285  10.5648705459
184.751  0.26148301363  14.0357805695
0.0  0.344814896584  0
0.0  0.31368035078  0
0.0  0.31368035078  0
0.0  0.31368035078  0
145.035  0.315079987049  17.0412138472
0.0  0.315079987049  0
0.0  0.396290302277  0
0.0  0.396290302277  0
0.0  0.396290302277  0
0.0  0.396290302277  0
0.0  0.396290302277  0
0.0  0.396290302277  0
0.0  0.396290302277  0
0.0  0.396290302277  0
0.0  0.396290302277  0
0.0  0.396290302277  0
0.0  0.396290302277  0
0.0  0.439234554768  0
0.0  0.450604498386  0
0.0  0.439234554768  0
0.0  0.465533912182  0
0.0  0.460956037045  0
0.0  0.460956037045  0
0.0  0.454365670681  0
0.0  0.396290302277  0
0.0  0.396290302277  0
0.0  0.396290302277  0
0.0  0.396290302277  0
0.0  0.396290302277  0
0.0  0.396290302277  0
0.0  0.396290302277  0
0.0  0.228457033634  0
0.0  0.228457033634  0
0.0  0.228457033634  0
0.0  0.239815473557  0
0.0  0.239815473557  0
0.0  0.239815473557  0
0.0  0.239815473557  0
0.0  0.239815473557  0
0.0  0.25005376339  0
0.0  0.238319754601  0
